>GimmeMotifs_1
0.9985	0.0005	0.0005	0.0005
0.9985	0.0005	0.0005	0.0005
0.4995	0.0005	0.0005	0.4995
0.9985	0.0005	0.0005	0.0005
0.0005	0.0005	0.9985	0.0005
0.0005	0.0005	0.4995	0.4995
0.9985	0.0005	0.0005	0.0005
0.0005	0.4995	0.0005	0.4995
0.4995	0.0005	0.0005	0.4995
0.0005	0.0005	0.0005	0.9985
0.4995	0.0005	0.0005	0.4995
0.4995	0.0005	0.0005	0.4995
0.9985	0.0005	0.0005	0.0005
0.9985	0.0005	0.0005	0.0005
0.9985	0.0005	0.0005	0.0005
0.4995	0.0005	0.0005	0.4995
0.9985	0.0005	0.0005	0.0005
0.0005	0.0005	0.9985	0.0005
>GimmeMotifs_2
0.0010	0.6260	0.3340	0.0390
0.3340	0.3680	0.2920	0.0060
0.5920	0.0400	0.0360	0.3320
0.2980	0.6960	0.0050	0.0010
0.6290	0.3340	0.0010	0.0360
0.6260	0.3310	0.0420	0.0010
0.6260	0.3310	0.0420	0.0010
0.4150	0.0010	0.5830	0.0010
0.0760	0.0420	0.2980	0.5840
0.9600	0.0380	0.0010	0.0010
0.0010	0.3360	0.6620	0.0010
0.4120	0.0010	0.0030	0.5840
