>GimmeMotifs_1
0.0004	0.6661	0.3332	0.0003
0.0004	0.3332	0.6661	0.0003
0.0004	0.0003	0.9990	0.0003
0.6661	0.0004	0.3332	0.0003
0.6661	0.0004	0.0003	0.3332
0.9990	0.0004	0.0003	0.0003
0.0004	0.3332	0.6661	0.0003
0.0004	0.0003	0.9990	0.0003
0.0004	0.0003	0.6661	0.3332
0.0004	0.9990	0.0003	0.0003
0.0004	0.0003	0.0003	0.9990
0.0004	0.0003	0.6661	0.3332
0.0004	0.3332	0.6661	0.0003
0.0004	0.3332	0.0003	0.6661
0.0004	0.0003	0.9990	0.0003
0.0004	0.9990	0.0003	0.0003
0.3332	0.3332	0.3332	0.0004
0.0004	0.0003	0.6661	0.3332
>GimmeMotifs_2
0.5210	0.0060	0.4720	0.0010
0.4770	0.1090	0.0010	0.4130
0.8390	0.1020	0.0010	0.0580
0.0010	0.0010	0.9970	0.0010
0.0060	0.1041	0.4194	0.4705
0.4180	0.0600	0.0010	0.5210
0.0080	0.0010	0.1090	0.8820
0.0010	0.4640	0.5220	0.0130
0.0010	0.0010	0.0060	0.9920
0.0010	0.0510	0.9270	0.0210
0.0590	0.8830	0.0010	0.0570
0.4695	0.0010	0.0520	0.4775
0.0060	0.8310	0.0600	0.1030
0.0010	0.0070	0.4120	0.5800
0.0060	0.0010	0.5230	0.4700
0.0010	0.5780	0.0070	0.4140
0.0580	0.1030	0.4260	0.4130
0.5790	0.0010	0.4180	0.0020
>GimmeMotifs_3
0.5430	0.0700	0.2240	0.1630
0.2338	0.4375	0.2198	0.1089
0.1660	0.4340	0.0540	0.3460
0.1630	0.1820	0.4920	0.1630
0.1090	0.5080	0.2170	0.1660
0.3290	0.2740	0.1090	0.2880
0.3986	0.0550	0.2717	0.2747
0.2740	0.2880	0.3290	0.1090
0.1630	0.0540	0.3320	0.4510
0.0010	0.1090	0.5080	0.3820
0.1688	0.3257	0.3427	0.1628
0.3260	0.2170	0.2200	0.2370
0.0010	0.4890	0.2220	0.2880
0.1630	0.1090	0.2170	0.5110
0.1080	0.0010	0.3450	0.5460
0.0010	0.4376	0.1628	0.3986
0.1280	0.3830	0.0550	0.4340
0.2890	0.1660	0.2170	0.3280
0.1090	0.4350	0.2360	0.2200
0.1640	0.3280	0.1090	0.3990
>GimmeMotifs_4
0.1429	0.4999	0.2857	0.0715
0.0715	0.1429	0.0001	0.7855
0.0001	0.1429	0.8569	0.0001
0.0001	0.3571	0.2857	0.3571
0.2143	0.2857	0.0715	0.4285
0.4285	0.0715	0.3571	0.1429
0.0715	0.2143	0.7141	0.0001
0.0001	0.2143	0.2143	0.5713
0.0001	0.2143	0.5713	0.2143
0.0715	0.2143	0.1429	0.5713
0.1429	0.2143	0.2857	0.3571
0.1429	0.4285	0.0715	0.3571
0.0000	0.0001	0.0001	0.9998
0.2857	0.0001	0.4999	0.2143
0.0000	0.9284	0.0001	0.0715
0.2143	0.4285	0.0715	0.2857
0.9284	0.0000	0.0715	0.0001
0.2143	0.4999	0.0001	0.2857
>GimmeMotifs_5
0.0010	0.4120	0.5860	0.0010
0.0010	0.5280	0.0010	0.4700
0.4120	0.0010	0.5860	0.0010
0.0010	0.0570	0.0010	0.9410
0.0010	0.0010	0.9970	0.0010
0.0010	0.0570	0.0010	0.9410
0.0010	0.0010	0.0010	0.9970
0.0580	0.0010	0.4120	0.5290
0.0010	0.9970	0.0010	0.0010
0.4120	0.4120	0.0010	0.1750
>GimmeMotifs_6
0.3458	0.0010	0.2690	0.3842
0.4224	0.0010	0.1925	0.3841
0.0013	0.4604	0.5370	0.0013
0.0013	0.2690	0.0011	0.7286
0.0013	0.0010	0.9964	0.0013
0.0013	0.3455	0.0011	0.6521
>GimmeMotifs_7
0.2370	0.0010	0.6440	0.1180
0.4060	0.1190	0.1190	0.3560
0.5250	0.1190	0.1190	0.2370
0.0010	0.0010	0.9970	0.0010
0.0010	0.5250	0.2370	0.2370
0.2370	0.5250	0.0010	0.2370
0.2370	0.0010	0.5250	0.2370
0.0010	0.4745	0.2873	0.2372
0.1180	0.0010	0.1180	0.7630
0.0010	0.1180	0.2370	0.6440
0.2370	0.6440	0.0010	0.1180
0.2360	0.0010	0.0010	0.7620
0.0010	0.4064	0.4745	0.1181
0.0010	0.3560	0.1180	0.5250
0.1180	0.0010	0.5250	0.3560
0.1190	0.6430	0.1190	0.1190
>GimmeMotifs_8
0.4932	0.0067	0.0069	0.4932
0.1696	0.8157	0.0069	0.0078
0.1696	0.4921	0.3305	0.0078
0.0078	0.0067	0.6541	0.3314
0.4932	0.4921	0.0069	0.0078
0.0078	0.1684	0.3305	0.4933
0.6550	0.0067	0.3305	0.0078
0.0055	0.8214	0.0047	0.1684
0.0055	0.0045	0.0047	0.9853
0.0055	0.0074	0.9815	0.0056
0.0055	0.9842	0.0047	0.0056
0.6617	0.0044	0.1665	0.1674
0.4930	0.0045	0.4970	0.0055
>GimmeMotifs_9
0.0005	0.9985	0.0005	0.0005
0.0005	0.0005	0.0005	0.9985
0.0005	0.0005	0.9985	0.0005
0.9985	0.0005	0.0005	0.0005
0.4995	0.0005	0.4995	0.0005
0.0005	0.0005	0.4995	0.4995
0.0005	0.0005	0.0005	0.9985
0.9985	0.0005	0.0005	0.0005
0.0005	0.9985	0.0005	0.0005
0.0005	0.0005	0.0005	0.9985
0.0005	0.9985	0.0005	0.0005
0.0005	0.9985	0.0005	0.0005
>GimmeMotifs_10
0.5300	0.0010	0.4650	0.0040
0.1290	0.2350	0.1060	0.5300
0.2160	0.2310	0.1060	0.4470
0.2310	0.1060	0.2310	0.4320
0.0010	0.5710	0.3220	0.1060
0.6810	0.1060	0.0010	0.2120
0.1430	0.5390	0.2120	0.1060
0.6780	0.0040	0.1060	0.2120
0.0190	0.2120	0.7650	0.0040
0.3263	0.2122	0.2122	0.2493
0.1060	0.1060	0.5760	0.2120
0.4510	0.1250	0.2120	0.2120
0.3370	0.0190	0.1060	0.5380
0.4230	0.0010	0.0010	0.5750
0.0010	0.2120	0.5750	0.2120
0.1060	0.2390	0.2120	0.4430
0.5570	0.1250	0.2120	0.1060
0.1290	0.5340	0.0190	0.3180
>GimmeMotifs_11
0.0005	0.0005	0.9985	0.0005
0.0005	0.4995	0.4995	0.0005
0.0005	0.0005	0.9985	0.0005
0.4995	0.4995	0.0005	0.0005
0.0005	0.4995	0.4995	0.0005
0.0005	0.4995	0.4995	0.0005
0.9985	0.0005	0.0005	0.0005
0.0005	0.4995	0.4995	0.0005
0.0005	0.9985	0.0005	0.0005
0.0005	0.0005	0.4995	0.4995
0.0005	0.0005	0.0005	0.9985
0.0005	0.9985	0.0005	0.0005
0.4995	0.4995	0.0005	0.0005
0.0005	0.9985	0.0005	0.0005
0.0005	0.9985	0.0005	0.0005
0.0005	0.0005	0.0005	0.9985
